256 512
1 256
1 256

1 1 0 256 INV
1 1 1 257 INV
1 1 2 258 INV
1 1 3 259 INV
1 1 4 260 INV
1 1 5 261 INV
1 1 6 262 INV
1 1 7 263 INV
1 1 8 264 INV
1 1 9 265 INV
1 1 10 266 INV
1 1 11 267 INV
1 1 12 268 INV
1 1 13 269 INV
1 1 14 270 INV
1 1 15 271 INV
1 1 16 272 INV
1 1 17 273 INV
1 1 18 274 INV
1 1 19 275 INV
1 1 20 276 INV
1 1 21 277 INV
1 1 22 278 INV
1 1 23 279 INV
1 1 24 280 INV
1 1 25 281 INV
1 1 26 282 INV
1 1 27 283 INV
1 1 28 284 INV
1 1 29 285 INV
1 1 30 286 INV
1 1 31 287 INV
1 1 32 288 INV
1 1 33 289 INV
1 1 34 290 INV
1 1 35 291 INV
1 1 36 292 INV
1 1 37 293 INV
1 1 38 294 INV
1 1 39 295 INV
1 1 40 296 INV
1 1 41 297 INV
1 1 42 298 INV
1 1 43 299 INV
1 1 44 300 INV
1 1 45 301 INV
1 1 46 302 INV
1 1 47 303 INV
1 1 48 304 INV
1 1 49 305 INV
1 1 50 306 INV
1 1 51 307 INV
1 1 52 308 INV
1 1 53 309 INV
1 1 54 310 INV
1 1 55 311 INV
1 1 56 312 INV
1 1 57 313 INV
1 1 58 314 INV
1 1 59 315 INV
1 1 60 316 INV
1 1 61 317 INV
1 1 62 318 INV
1 1 63 319 INV
1 1 64 320 INV
1 1 65 321 INV
1 1 66 322 INV
1 1 67 323 INV
1 1 68 324 INV
1 1 69 325 INV
1 1 70 326 INV
1 1 71 327 INV
1 1 72 328 INV
1 1 73 329 INV
1 1 74 330 INV
1 1 75 331 INV
1 1 76 332 INV
1 1 77 333 INV
1 1 78 334 INV
1 1 79 335 INV
1 1 80 336 INV
1 1 81 337 INV
1 1 82 338 INV
1 1 83 339 INV
1 1 84 340 INV
1 1 85 341 INV
1 1 86 342 INV
1 1 87 343 INV
1 1 88 344 INV
1 1 89 345 INV
1 1 90 346 INV
1 1 91 347 INV
1 1 92 348 INV
1 1 93 349 INV
1 1 94 350 INV
1 1 95 351 INV
1 1 96 352 INV
1 1 97 353 INV
1 1 98 354 INV
1 1 99 355 INV
1 1 100 356 INV
1 1 101 357 INV
1 1 102 358 INV
1 1 103 359 INV
1 1 104 360 INV
1 1 105 361 INV
1 1 106 362 INV
1 1 107 363 INV
1 1 108 364 INV
1 1 109 365 INV
1 1 110 366 INV
1 1 111 367 INV
1 1 112 368 INV
1 1 113 369 INV
1 1 114 370 INV
1 1 115 371 INV
1 1 116 372 INV
1 1 117 373 INV
1 1 118 374 INV
1 1 119 375 INV
1 1 120 376 INV
1 1 121 377 INV
1 1 122 378 INV
1 1 123 379 INV
1 1 124 380 INV
1 1 125 381 INV
1 1 126 382 INV
1 1 127 383 INV
1 1 128 384 INV
1 1 129 385 INV
1 1 130 386 INV
1 1 131 387 INV
1 1 132 388 INV
1 1 133 389 INV
1 1 134 390 INV
1 1 135 391 INV
1 1 136 392 INV
1 1 137 393 INV
1 1 138 394 INV
1 1 139 395 INV
1 1 140 396 INV
1 1 141 397 INV
1 1 142 398 INV
1 1 143 399 INV
1 1 144 400 INV
1 1 145 401 INV
1 1 146 402 INV
1 1 147 403 INV
1 1 148 404 INV
1 1 149 405 INV
1 1 150 406 INV
1 1 151 407 INV
1 1 152 408 INV
1 1 153 409 INV
1 1 154 410 INV
1 1 155 411 INV
1 1 156 412 INV
1 1 157 413 INV
1 1 158 414 INV
1 1 159 415 INV
1 1 160 416 INV
1 1 161 417 INV
1 1 162 418 INV
1 1 163 419 INV
1 1 164 420 INV
1 1 165 421 INV
1 1 166 422 INV
1 1 167 423 INV
1 1 168 424 INV
1 1 169 425 INV
1 1 170 426 INV
1 1 171 427 INV
1 1 172 428 INV
1 1 173 429 INV
1 1 174 430 INV
1 1 175 431 INV
1 1 176 432 INV
1 1 177 433 INV
1 1 178 434 INV
1 1 179 435 INV
1 1 180 436 INV
1 1 181 437 INV
1 1 182 438 INV
1 1 183 439 INV
1 1 184 440 INV
1 1 185 441 INV
1 1 186 442 INV
1 1 187 443 INV
1 1 188 444 INV
1 1 189 445 INV
1 1 190 446 INV
1 1 191 447 INV
1 1 192 448 INV
1 1 193 449 INV
1 1 194 450 INV
1 1 195 451 INV
1 1 196 452 INV
1 1 197 453 INV
1 1 198 454 INV
1 1 199 455 INV
1 1 200 456 INV
1 1 201 457 INV
1 1 202 458 INV
1 1 203 459 INV
1 1 204 460 INV
1 1 205 461 INV
1 1 206 462 INV
1 1 207 463 INV
1 1 208 464 INV
1 1 209 465 INV
1 1 210 466 INV
1 1 211 467 INV
1 1 212 468 INV
1 1 213 469 INV
1 1 214 470 INV
1 1 215 471 INV
1 1 216 472 INV
1 1 217 473 INV
1 1 218 474 INV
1 1 219 475 INV
1 1 220 476 INV
1 1 221 477 INV
1 1 222 478 INV
1 1 223 479 INV
1 1 224 480 INV
1 1 225 481 INV
1 1 226 482 INV
1 1 227 483 INV
1 1 228 484 INV
1 1 229 485 INV
1 1 230 486 INV
1 1 231 487 INV
1 1 232 488 INV
1 1 233 489 INV
1 1 234 490 INV
1 1 235 491 INV
1 1 236 492 INV
1 1 237 493 INV
1 1 238 494 INV
1 1 239 495 INV
1 1 240 496 INV
1 1 241 497 INV
1 1 242 498 INV
1 1 243 499 INV
1 1 244 500 INV
1 1 245 501 INV
1 1 246 502 INV
1 1 247 503 INV
1 1 248 504 INV
1 1 249 505 INV
1 1 250 506 INV
1 1 251 507 INV
1 1 252 508 INV
1 1 253 509 INV
1 1 254 510 INV
1 1 255 511 INV